0.000000 0.200000 2.028981 -1.100513
2.028981 -1.100513 3.358312 0.945631
3.358312 0.945631 1.300513 2.228981
1.300513 2.228981 0.000000 0.200000
0.242834 0.578855 1.245346 -0.099356
1.384473 -0.123204 1.442293 0.671187
1.413392 0.042367 1.763411 0.245619
1.422756 0.677770 1.027610 0.746939
1.023623 0.583204 0.987342 0.980613
1.556589 0.793912 1.598127 1.183013
1.218197 1.331513 1.513288 1.273025
1.948369 1.219832 2.654268 0.838640
1.698785 -0.401875 2.565887 0.432052
2.422894 -0.022676 2.706423 0.252889

